123 15
107 19
34 33
60 43
67 87
0 243
22 264
102 401
39 388
44 489
27 532
94 591
130 575
127 523
156 460
197 546
172 352
155 344
145 344
135 375
117 354
97 314
95 265
128 137
118 96
118 82
198 135
201 188
161 226
188 318
222 350
229 386
235 449
295 411
259 388
261 312
327 288
358 326
434 314
429 369
397 436
386 475
323 481
333 519
307 575
388 565
427 540
463 465
458 447
502 442
505 396
557 401
575 375
576 362
603 337
633 355
657 328
685 338
676 356
693 398
726 453
671 460
659 457
648 469
630 494
590 478
583 509
638 585
651 577
737 545
777 501
791 443
787 428
774 339
765 295
778 283
780 268
755 262
710 259
709 218
767 196
798 132
781 118
678 127
647 164
628 244
651 286
605 298
564 312
555 294
524 292
527 254
496 263
475 197
404 233
549 106
576 108
594 80
694 55
638 12
598 61
456 102
523 50
490 65
438 30
441 16
422 48
422 24
419 12
383 7
363 34
385 55
394 89
372 86
310 114
349 131
395 150
447 157
237 312
287 257
268 183
279 149
192 63
140 15
123 15
