0 16
1 51.87
8 61.74
41 56.5425
55 43.9875
55 78.4875
6 119.185
6 173.853
38 187.787
66 197.06
83 183.464
99 188.125
101 170.43
94 150.322
80 114
62 121.258
99 77.1312
90 45.725
124 17.25
144 36.8
157 28.2488
179 17.1275
197 16.4937
236 23.37
241 46.905
226 45.675
173 67.2487
142 75.7875
132 92.125
120 124.6
169 167.186
172 157.32
194 118.45
215 86.2562
223 69.03
255 52.925
280 48.45
291 12.9438
317 17.2225
330 27.2125
319 45.9675
317 57.8925
337 41.1075
349 24.2887
360 24.7
373 6.64875
390 6.55
408 0.31
420 12.75
431 8.68
445 12.8812
449 0.6125
461 18.1475
458 41.5425
479 33.6738
485 48.3438
516 38.86
497 13.7013
520 25.8
531 51.745
537 63.5337
552 77.33
565 92.8125
577 117.041
569 124.004
609 120.175
640 78.6
630 60.95
616 68.58
600 44
610 32.2875
633 32.9112
587 23.375
574 16.965
569 32.5325
572 63.425
548 0
632 13.34
693 26.37
703 27.6488
712 85.8
716 128.77
740 159.375
705 167.369
682 176.25
668 172.525
645 162.925
633 172.42
738 196.04
789 185.261
756 122.375
774 110.798
760 7.2
800 0
0 0
