0 250
0 384.418
16 445.26
16 514.196
48 521.232
80 490.057
80 422.67
160 460.616
208 486.297
272 524.174
304 569.309
336 562.067
336 529.504
320 488.229
304 456.846
336 431.815
368 454.161
400 469.802
432 464.542
464 468.756
496 510.411
528 526.019
560 516.032
640 550.45
688 580.012
736 606.684
800 607.458
832 657.717
864 666.123
912 729.193
960 726.419
1088 668.24
1104 603.741
1120 565.924
1104 537.468
992 680.416
896 639.653
896 596.394
848 596.128
832 555.629
864 514.883
912 514.461
976 537.719
992 511.281
928 471.954
944 426.273
960 388.423
992 400.286
1040 437.811
1072 403.029
1040 340.292
1072 298.661
1104 305.511
1136 299.691
1184 331.226
1168 367.502
1152 410.863
1120 445.174
1120 475.362
1136 508.581
1168 506.892
1184 449.121
1216 429.266
1200 390.097
1200 355.362
1248 349.684
1264 326.186
1296 324.899
1328 349.449
1376 367.313
1440 339.588
1472 331.083
1504 326.368
1568 306.733
1584 330.185
1616 321.299
1696 353.186
1760 354.521
1776 323.179
1840 337.081
1888 370.864
1920 362.062
1936 333.035
1968 326.198
2000 333.063
2032 351.437
2048 325.004
2080 325.196
2080 360.37
2096 390.961
2048 477.433
2112 500.863
2128 461.116
2160 409.194
2224 365.725
2272 367.929
2304 378.2
2304 408.471
2336 435.077
2352 463.885
2384 461.641
2400 433.602
2432 434.025
2496 414.777
2528 409.401
2560 466.759
2592 477.597
2640 502.071
2688 489.228
2704 435.225
2688 394.364
2720 379.387
2752 397.971
2800 413.39
2832 404.811
2864 389.586
2896 391.98
2928 430.272
2960 417.11
2976 441.158
3040 473.788
3072 497.388
3120 472.651
3168 506.255
3184 546.523
3184 250
