16 115920
144 115920
16 117600
112 117600
496 119280
0 119280
0 120960
16 122640
976 122640
1680 122538
1760 122203
1856 122186
1904 122334
2544 120960
2576 120960
2784 119280
1904 118974
1856 118826
1840 118800
1824 118785
1760 118843
2000 117600
1920 117367
1904 117294
2064 117600
3056 117600
2848 119280
3088 119280
3104 120960
2624 120960
2768 122640
3104 122640
3136 124320
1968 124320
1920 124087
1728 123982
1760 123883
1840 123840
1888 123953
1904 124014
2720 122640
1104 122640
736 124320
848 124320
288 126000
608 124320
0 124320
224 126000
64 126000
64 127680
240 127680
1744 127287
1760 127243
1792 127191
1936 127532
1952 127628
2000 127680
3024 127680
1584 126000
320 126000
1680 125898
1632 126000
2048 126000
1952 125948
1936 125852
1920 125767
2096 126000
2784 126000
1728 125662
1888 125633
1856 125546
1824 125505
1808 125502
1792 125511
928 124320
1632 124320
2848 126000
3024 126000
3104 127680
1840 128880
1776 128891
1648 127680
1712 127409
1600 127680
288 127680
416 129360
288 129360
0 127680
224 129360
16 129360
272 131040
32 131040
112 132720
48 132720
0 134400
96 134400
192 132720
1712 132449
1744 132327
1760 132283
1792 132231
1136 131040
400 131040
544 129360
1600 129360
1712 129089
1760 128923
1904 129054
1648 129360
1808 130542
1744 130647
1712 130769
1856 130586
1920 130807
1936 130892
1968 129360
1952 129308
2000 129360
3104 129360
3136 131040
1200 131040
3056 132720
1984 132720
1888 132353
1840 132240
1824 132225
1808 132222
1920 132487
1808 133902
1760 133963
1744 134007
1728 134062
1552 132720
240 132720
224 134400
128 134400
0 136080
320 136080
464 137760
0 137760
768 139440
16 139440
80 141120
720 142800
32 142800
0 144480
1632 144480
1680 144378
1888 144113
1872 144064
1856 144026
1776 144011
1760 144043
768 142800
112 141120
1472 141120
1744 140727
1824 140625
1328 139440
1664 139440
1728 139102
1744 139047
1904 139134
3008 137760
1984 137760
1920 137527
1760 137323
1728 137422
1696 137568
1616 137760
1888 139073
1760 139003
1808 138942
1776 138971
1168 139440
848 139440
1568 137760
528 137760
656 136080
1648 136080
1728 135742
1696 135888
1968 136080
3024 136080
1904 135774
1888 135713
1872 135664
1840 135600
1760 135643
544 136080
416 136080
272 134400
1664 134400
1680 134298
1712 134129
1824 133905
1856 133946
1888 134033
1904 134094
1952 134348
1968 134400
3056 134400
3104 136080
1808 137262
1856 137306
1888 137393
3072 137760
3120 139440
2048 139440
3072 141120
1968 141120
1936 140972
1920 140887
1904 140814
1856 140666
1840 140640
1520 141120
1600 141120
1680 141018
1696 140928
1856 142346
1808 142302
1888 142433
1904 142494
1744 142407
1728 142462
832 142800
1648 142800
1696 142608
1712 142529
1936 142652
1968 142800
3072 142800
3104 144480
1984 144480
3056 146160
1456 146160
1920 145927
1872 145744
1696 145968
1728 145822
1744 145767
1856 145706
1824 145665
1808 145662
1776 145691
1344 146160
1376 146160
1856 147386
1888 147473
1760 147403
1728 147502
1104 146160
64 146160
64 147840
1632 147840
1936 147692
1968 147840
3088 147840
3120 149520
2688 151200
1984 151200
1952 151148
1920 150967
1888 150833
1872 150784
1824 150705
1792 150711
2240 149520
3056 149520
1840 149040
1792 149031
1776 149051
1920 149287
1744 149127
1696 149328
2096 149520
48 149520
224 151200
80 151200
0 152880
128 154560
1040 154560
528 152880
1648 152880
1680 152778
432 152880
144 152880
320 151200
1664 151200
1696 151008
1888 152513
1968 152880
2320 152880
1936 152732
2416 152880
2464 152880
2752 151200
3088 151200
3168 154560
2144 154560
1824 155745
1840 155760
1888 155873
1808 155742
1760 155803
1776 155771
1984 154560
2032 154560
1904 154254
1920 154327
1840 154080
1872 154144
3024 152880
2528 152880
1808 154062
1776 154091
1760 154123
1744 154167
1728 154222
1696 154368
1648 154560
1072 154560
1184 156240
32 156240
368 157920
0 157920
0 159600
816 159600
688 161280
960 161280
1168 162960
704 162960
608 161280
80 161280
656 162960
16 162960
432 164640
0 164640
16 166320
736 166320
1792 165831
1824 165825
1744 165927
1872 165904
1888 165953
1904 166014
1936 166172
1680 166218
880 166320
1648 166320
1952 166268
2016 166320
2912 166320
3024 164640
2096 164640
1920 164407
1936 164492
1888 164273
1872 164224
1712 164369
1680 164538
2032 164640
496 164640
1280 162960
1776 162491
1808 162462
1872 162544
1888 162593
1728 162622
1760 162523
1392 162960
3056 162960
1008 161280
2368 161280
1744 160887
1792 160791
1824 160785
864 159600
1600 159600
1696 159408
1680 159498
1744 159207
1760 159163
1824 159105
1888 159233
1648 159600
2016 159600
1952 159548
2080 159600
3056 159600
3024 157920
2288 157920
1856 157466
1840 157440
1792 157431
1728 157582
1872 157504
2256 157920
2064 157920
1936 157772
1968 157920
432 157920
3040 156240
1376 156240
1728 155902
3088 156240
3136 156240
3104 157920
3088 159600
3168 159600
3168 161280
2496 161280
3088 162960
3104 164640
3136 164640
3088 166320
3184 166320
3184 147840
3168 146160
3104 146160
3168 144480
3168 142800
3120 142800
3168 139440
3152 137760
3168 136080
3152 134400
3120 132720
3184 132720
3184 129360
3152 129360
3184 127680
3136 126000
3184 122640
3152 122640
3168 120960
3120 119280
3184 115920
3072 115920
3072 114240
2208 114240
1888 113873
1920 114007
2160 114240
2032 114240
1952 114188
3040 115920
2496 115920
1872 115504
1760 115483
1728 115582
1888 115553
2016 115920
2416 115920
1808 117102
1792 117111
1776 117131
1728 117262
1696 117408
1840 117120
1680 117498
1632 117600
928 117600
784 119280
1632 119280
1712 119009
1728 118942
1936 119132
2000 119280
2752 119280
1840 120480
1856 120506
1792 120471
752 119280
1760 120523
1744 120567
1872 120544
1888 120593
1936 120812
2512 120960
2096 120960
1680 120858
1632 120960
48 120960
672 119280
576 119280
864 117600
144 117600
384 115920
208 115920
144 114240
240 114240
1760 113803
1648 114240
304 114240
432 115920
1616 115920
1872 113824
1984 112560
0 112560
48 110880
1712 110609
1776 110411
48 109200
192 109200
192 107520
1824 107025
1904 107214
2992 105840
1968 105840
1680 105738
1632 105840
0 105840
0 104160
256 104160
32 102480
16 100800
112 100800
1808 100302
1728 100462
1824 100305
1856 100346
1888 100433
1984 100800
2800 100800
2480 99120
2160 99120
1920 98887.2
1712 98849.4
2112 99120
2080 99120
1952 99067.6
2016 99120
0 99120
80 97440
1632 97440
1728 98782.4
1744 98727.1
1808 98622.4
1824 98625.3
1840 98639.8
1856 98666
1872 98703.9
2160 97440
2224 97440
1904 97134.4
1808 96942.4
1792 96951.1
1776 96971.5
1760 97003.5
1728 97102.4
1920 97207.2
2064 97440
2000 97440
1696 97247.9
1680 97338.1
1648 95760
1232 95760
1504 94080
1392 94080
944 95760
1104 95760
48 97440
16 97440
864 95760
16 95760
16 94080
80 94080
48 92400
368 92400
112 94080
1328 94080
1648 92400
2128 92400
1936 92251.6
1920 92167.2
1584 92400
1552 92400
1680 92298.1
1872 91983.9
1856 91946
1824 91905.3
1808 91902.4
2832 90720
1968 90720
1696 90527.9
1728 90382.4
1744 90327.1
1792 90231.1
1760 90283.5
1168 90720
1648 90720
1776 91931.5
1760 91963.5
1744 92007.1
1712 92129.4
1696 92207.9
1472 92400
416 92400
960 90720
0 90720
0 89040
560 89040
992 90720
1040 90720
2928 89040
2896 89040
1872 88623.9
1856 88586
3008 87360
2736 87360
1936 87211.6
1920 87127.2
1856 86906
1840 86879.8
1824 86865.3
1808 86862.4
1776 86891.5
1136 87360
1504 87360
1712 87089.4
1696 87167.9
1568 87360
2592 87360
1840 88559.8
1808 88542.4
1760 88603.5
1728 88702.4
1712 88769.4
1696 88847.9
1920 88807.2
2816 89040
1984 89040
1952 88987.6
1936 88891.6
1664 89040
688 89040
1056 87360
0 87360
16 85680
1680 85578.1
80 85680
1632 85680
1872 86943.9
2944 85680
2000 85680
1952 85627.6
1904 85374.4
1888 85313.3
1744 85287.1
1728 85342.4
1712 85409.4
1696 85487.9
1472 84000
16 84000
0 82320
1648 82320
1680 82218.1
1696 82127.9
1744 81927.1
1760 81883.5
1792 81831.1
1824 81825.3
1888 81953.3
1904 82014.4
1936 82171.6
1968 82320
2192 82320
1840 83519.8
1904 83694.4
3040 82320
2224 82320
3024 80640
1968 80640
1936 80491.6
1696 80447.9
1600 80640
0 80640
16 78960
1280 77280
16 77280
0 75600
2000 75600
1904 75294.4
1712 75329.4
1760 75163.5
1776 75131.5
1808 75102.4
1680 73818.1
1648 73920
0 73920
48 72240
1728 71902.4
1760 71803.5
1776 71771.5
1808 71742.4
1840 71759.8
1872 71823.9
1920 72007.2
1936 72091.6
1968 72240
112 72240
1792 73431.1
1840 73439.8
1856 73466
1888 73553.3
1952 73867.6
2000 73920
3072 73920
3104 75600
2064 75600
1536 77280
1328 77280
1776 78491.5
1760 78523.5
1840 78479.8
1904 78654.4
2928 77280
1616 77280
1680 77178.1
1696 77087.9
1728 76942.4
1760 76843.5
1936 77131.6
1904 76974.4
1888 76913.3
1856 76826
1840 76799.8
2976 77280
3056 77280
3104 78960
2080 78960
1952 78907.6
1504 78960
48 78960
1760 80203.5
1776 80171.5
1792 80151.1
1888 80273.3
1904 80334.4
3072 80640
3120 80640
3168 82320
3088 82320
3136 84000
2032 84000
1952 83947.6
1792 83511.1
1776 83531.5
1760 83563.5
1680 83898.1
1552 84000
1664 84000
1824 85185.3
1856 85226
2992 85680
3136 85680
3152 87360
3056 87360
3088 90720
1856 90266
1936 90571.6
2896 90720
2928 90720
3056 92400
3120 94080
2800 94080
2976 92400
2208 92400
1872 93663.9
1904 93774.4
1856 93626
1840 93599.8
1808 93582.4
1792 93591.1
1776 93611.5
1760 93643.5
1744 93687.1
1568 94080
1648 94080
1712 93809.4
1968 94080
1920 93847.2
2000 94080
2768 94080
1824 95265.3
1840 95279.8
1872 95343.9
1888 95393.3
1744 95367.1
1936 95611.6
1952 95707.6
2000 95760
3056 95760
3104 97440
2592 99120
3040 99120
3104 100800
2832 100800
2064 102480
1680 102378
1648 102480
1152 102480
1728 102142
1760 102043
1664 100800
144 100800
64 102480
1056 102480
1824 103665
1872 103744
1888 103793
1904 103854
2112 102480
3072 102480
3088 104160
1984 104160
1936 104012
1728 103822
1616 104160
288 104160
1728 105502
1744 105447
1760 105403
1856 105386
1872 105424
3040 105840
3136 107520
240 107520
1792 108711
1760 108763
1712 108929
1808 108702
1872 108784
1888 108833
1904 108894
256 109200
1664 109200
1696 109008
1968 109200
3120 109200
3120 110880
2480 110880
1872 110464
2416 110880
1984 110880
1952 110828
1616 110880
96 110880
1728 112222
1760 112123
1872 112144
1904 112254
2016 112560
3152 112560
3184 114240
3184 107520
3152 105840
3184 102480
3136 102480
3152 100800
3184 100800
3168 99120
3120 99120
3168 97440
3152 95760
3184 94080
3184 92400
3136 92400
3184 90720
3184 77280
3120 77280
3168 75600
3168 73920
3184 72240
2096 72240
3040 70560
3088 70560
3168 68880
3104 68880
3120 67200
3184 67200
3168 65520
2976 70560
2064 70560
1680 70458.1
1632 70560
0 70560
0 68880
1632 68880
1696 70367.9
1760 70123.5
1920 70327.2
1888 70193.3
1856 70106
1792 70071.1
1808 70062.4
1840 70079.8
1952 68827.6
1888 68513.3
1904 68574.4
2064 68880
2944 68880
1856 68426
1872 68463.9
1792 68391.1
1696 68687.9
1712 68609.4
1744 68487.1
208 67200
1648 67200
1680 67098.1
160 67200
80 67200
1712 66929.4
1760 66763.5
1792 66711.1
1840 66719.8
1856 66746
1888 66833.3
1936 67051.6
1952 67147.6
2048 67200
3072 67200
2896 65520
32 65520
0 63840
1600 63840
1696 63647.9
1728 63502.4
1888 63473.3
1520 62160
0 62160
16 60480
1664 60480
1952 60427.6
2048 60480
2928 60480
1696 60287.9
1728 60142.4
1744 60087.1
1888 60113.3
1872 60063.8
1824 59985.3
1840 59999.8
672 58800
0 58800
464 57120
16 57120
0 55440
0 53760
64 53760
16 52080
144 52080
64 50400
416 48720
16 48720
192 47040
112 47040
16 45360
1488 45360
1824 46545.3
2816 47040
2880 47040
2832 45360
2064 45360
1952 45307.6
1712 45089.4
1904 45054.4
1808 44862.4
1776 44891.5
1760 44923.5
1520 45360
208 43680
144 43680
1744 43287.1
1760 43243.5
1776 43211.5
1808 43182.4
1824 43185.3
1888 43313.3
1952 43627.6
2864 42000
1984 42000
1936 41851.6
1776 41531.5
1744 41607.1
1712 41729.4
1696 41807.9
1664 42000
64 42000
144 40320
1248 40320
1664 38640
1328 38640
16 40320
0 36960
96 38640
1264 38640
480 36960
1216 36960
1696 36767.9
1712 36689.4
1728 36622.4
1760 36523.5
1792 36471.1
1808 36462.4
2656 35280
1984 35280
1952 35227.6
1616 35280
112 35280
1712 35009.4
1744 34887.1
1760 34843.5
1776 34811.5
1824 34785.3
1840 34799.8
1856 34826
1920 35047.2
2144 33600
2384 33600
2576 31920
2608 31920
2816 30240
1984 30240
1936 30091.6
1680 30138.1
320 30240
1632 30240
2544 31920
1984 31920
1824 31425.3
1792 31431.1
96 30240
64 30240
96 31920
1664 31920
1840 33119.8
1760 33163.5
1952 33547.6
2048 33600
96 33600
64 35280
192 36960
48 36960
16 35280
48 33600
64 31920
32 31920
16 30240
112 28560
224 28560
1648 26880
16 26880
48 25200
2496 25200
1952 25147.6
1888 24833.3
1872 24783.8
1856 24746
1808 24702.4
1744 24807.1
1792 24711.1
2400 23520
64 23520
48 21840
2960 21840
1936 21691.6
1920 21607.2
1904 21534.4
1856 21386
1808 21342.4
1776 21371.5
1760 21403.5
1744 21447.1
1728 21502.4
1712 21569.4
1696 21647.9
0 20160
32 18480
2512 18480
1920 18247.2
1888 18113.3
1856 18026
1792 17991.1
1712 18209.4
1840 16319.8
1824 16305.3
1808 16302.4
1776 16331.5
1760 16363.5
1728 16462.4
1648 16800
16 16800
1664 15120
1600 15120
1696 14927.9
1744 14727.1
1760 14683.5
1776 14651.5
1792 14631.1
1808 14622.4
1872 14703.8
1888 14753.3
1936 14971.6
1984 15120
2128 15120
2176 13440
1984 13440
1936 13291.6
1872 13023.8
1856 12986
1840 12959.8
1824 12945.3
1776 12971.5
1728 13102.4
1712 13169.4
1696 13247.9
1648 13440
528 13440
1568 15120
48 15120
16 13440
0 11760
128 13440
496 13440
1488 11760
2256 11760
1920 11527.2
1904 11454.4
1712 11489.4
1728 11422.4
912 10080
464 10080
1408 11760
64 11760
48 10080
0 10080
16 8400
48 8400
80 10080
432 10080
576 8400
880 8400
1696 8207.93
1360 6720
208 6720
240 5040
80 5040
96 6720
160 6720
448 8400
144 8400
64 6720
48 5040
48 3360
16 3360
0 1680
32 1680
64 0
384 0
432 1680
528 1680
448 0
1632 0
1056 1680
1616 1680
1680 1578.14
1968 1680
2640 1680
1728 1342.42
1776 1211.47
1808 1182.36
1664 0
1712 -270.644
1728 -337.578
1744 -392.871
1792 -488.906
1856 -453.984
1872 -416.152
1952 -52.3828
2048 0
3184 0
3184 1680
2736 1680
2160 3360
2064 3360
1952 3307.62
1936 3211.58
1904 3054.43
1856 2906.02
1840 2879.82
1776 2891.47
1712 3089.36
1664 3360
1200 3360
928 1680
576 1680
624 3360
432 3360
368 1680
80 1680
224 3360
352 3360
320 5040
1008 5040
656 3360
1168 3360
1744 4647.13
1728 4702.42
1712 4769.36
1824 4545.27
1840 4559.82
2320 3360
3168 3360
3168 5040
1984 5040
1936 4891.58
1920 4807.19
1680 4938.14
1616 5040
1072 5040
1408 6720
1616 6720
1744 6327.13
1808 6222.36
1872 6303.85
1904 6414.43
1920 6487.19
3184 6720
1968 6720
1808 7902.36
1824 7905.27
1840 7919.82
1856 7946.02
1872 7983.85
1792 7911.09
1776 7931.47
1744 8007.13
1712 8129.36
1936 8251.58
1680 8298.14
1632 8400
912 8400
1744 9687.13
1776 9611.46
1824 9585.27
1808 9582.36
2000 8400
3152 8400
3184 10080
1984 10080
1904 9774.43
992 10080
1664 10080
1808 11262.4
1840 11279.8
3184 11760
2288 11760
2208 13440
3168 13440
3184 15120
2256 15120
1856 16346
1920 16567.2
1968 16800
3168 16800
3152 18480
2544 18480
1888 19793.3
1840 19679.8
1808 19662.4
1776 19691.5
1760 19723.5
1712 19889.4
32 20160
3152 20160
3136 21840
2992 21840
1888 23153.3
1872 23103.8
1808 23022.4
1792 23031.1
1776 23051.5
1760 23083.5
1728 23182.4
1712 23249.4
1696 23327.9
1680 23418.1
1904 23214.4
1920 23287.2
1936 23371.6
2448 23520
3056 23520
3152 25200
2544 25200
3136 26880
2528 26880
1920 28327.2
1840 28079.8
2480 26880
1968 26880
1840 26399.8
1792 26391.1
1760 26443.5
1728 26542.4
1824 28065.3
1776 28091.5
1728 28222.4
1936 28411.6
3184 28560
2032 28560
1680 28458.1
1664 28560
272 28560
160 30240
288 30240
1728 29902.4
1760 29803.5
1776 29771.5
1824 29745.3
1856 29786
1904 29934.4
1920 30007.2
2960 30240
3152 30240
3152 31920
2640 31920
3152 33600
2432 33600
2704 35280
3184 35280
3184 36960
2016 36960
1952 36907.6
1904 36654.4
1680 36858.1
1648 36960
1264 36960
1872 38223.8
1888 38273.3
3152 38640
2096 38640
1936 38491.6
1840 38159.8
1808 38142.4
1744 38247.1
1824 39825.3
1840 39839.8
1776 39851.5
1904 40014.4
1920 40087.2
3184 40320
2800 40320
1936 40171.6
1696 40127.9
1312 40320
1664 40320
1952 40267.6
2016 40320
2688 40320
1840 41519.8
1856 41546
2896 42000
3168 42000
3152 43680
240 43680
1840 44879.8
2880 45360
3184 45360
3168 47040
3008 47040
1888 48353.3
1760 48283.5
1040 47040
1664 47040
1920 46807.2
1936 46891.6
1952 46987.6
1984 47040
2784 47040
1856 46586
1760 46603.5
1728 46702.4
1008 47040
224 47040
464 48720
1456 48720
1824 49905.3
1712 50129.4
1680 50298.1
1936 50251.6
1920 50167.2
1504 48720
1648 48720
1680 48618.1
1952 48667.6
2016 48720
3168 48720
3184 50400
112 50400
352 52080
192 52080
1920 53527.2
1904 53454.4
1744 53367.1
1664 52080
400 52080
1776 51611.5
1856 51626
1888 51713.3
3168 52080
2064 52080
1936 51931.6
1824 53265.3
1840 53279.8
1776 53291.5
1888 53393.3
3168 53760
112 53760
1488 55440
64 55440
1712 56849.4
1856 56666
1872 56703.8
1888 56753.3
2048 57120
2384 55440
1968 55440
1712 55169.4
1728 55102.4
1616 55440
1520 55440
1744 55047.1
1840 54959.8
1872 55023.8
1888 55073.3
1904 55134.4
2448 55440
3168 55440
3152 57120
2096 57120
1856 58346
1808 58302.4
1792 58311.1
1888 58433.3
1680 58698.1
1664 57120
544 57120
784 58800
1648 58800
1952 58747.6
1936 58651.6
1920 58567.2
1904 58494.4
2080 58800
3168 58800
3184 60480
3024 60480
3104 62160
1984 62160
1952 62107.6
1728 61822.4
1856 61706
1824 61665.3
1808 61662.4
1792 61671.1
1760 61723.5
1744 61767.1
1552 62160
1632 62160
3008 63840
2016 63840
1920 63607.2
1664 63840
1680 65418.1
1712 65249.4
1824 65025.3
1840 65039.8
1936 65371.6
2944 65520
3088 65520
3152 63840
3088 63840
3168 62160
5000 0
