-1000 0
8 251.454
24 257.981
32 263.885
40 257.749
64 265.588
64 267.626
72 271.861
88 265.592
104 274.451
112 274.537
120 281.654
120 282.457
104 296.43
104 302.39
80 324.041
136 307.84
144 296.829
168 291.575
184 347.16
192 328.595
184 316.546
200 304.552
200 292.927
208 289.414
216 287.387
224 298.241
240 305.463
256 291.696
264 285.516
272 286.85
280 297.064
280 300.277
304 319.41
280 277.682
280 270.812
296 264.544
304 270.467
304 280.954
320 286.948
336 271.507
344 263.02
352 251.698
360 255.677
384 249.958
392 246.418
392 236.807
416 224.774
432 214.726
448 215.707
456 215.416
464 205.759
472 201.954
488 199.305
488 197.883
488 194.156
496 189.046
504 186.106
528 183.695
544 181.529
560 198.942
568 191.633
576 181.608
584 174.806
592 174.935
600 174.257
616 173.014
632 169.309
648 170.466
680 186.442
688 179.723
688 179.329
696 179.293
704 181.541
712 186.651
728 183.975
736 190.57
736 192.524
744 201.88
696 214.154
776 212.842
784 207.818
784 202.362
2000 0
